0.000000000000000000e+00 1.046334846151735665e+00
1.000000000000000000e+01 4.278577245488189296e-01
2.000000000000000000e+01 3.626162583978215226e-01
3.000000000000000000e+01 3.279661536237148400e-01
4.000000000000000000e+01 2.762452196622132705e-01
5.000000000000000000e+01 2.762452385842185110e-01
6.000000000000000000e+01 1.945054047406465092e-01
7.000000000000000000e+01 1.574708448153391838e-01
8.000000000000000000e+01 1.440575948012882135e-01
9.000000000000000000e+01 1.146348923465268788e-01
1.000000000000000000e+02 5.496153976227984711e-02
1.100000000000000000e+02 8.261745735042538841e-02
1.200000000000000000e+02 8.776063364593837679e-02
1.300000000000000000e+02 1.056633944870966485e-01
1.400000000000000000e+02 1.291627512597710581e-01
1.500000000000000000e+02 7.070125681478799107e-02
1.600000000000000000e+02 8.898330404525738035e-02
1.700000000000000000e+02 5.373440407248822326e-02
1.800000000000000000e+02 3.093395469847564500e-02
1.900000000000000000e+02 -3.069570841395346389e-02
2.000000000000000000e+02 -6.292349722365286890e-02
2.100000000000000000e+02 -7.614058238307462589e-02
2.200000000000000000e+02 -4.687208648643049341e-02
2.300000000000000000e+02 -7.414246680872360606e-02
2.400000000000000000e+02 -1.056689080803812630e-01
2.500000000000000000e+02 -1.386582014864108370e-01
2.600000000000000000e+02 -1.499475765496220692e-01
2.700000000000000000e+02 -1.598539880314858164e-01
2.800000000000000000e+02 -1.392399102235052921e-01
2.900000000000000000e+02 -1.745174955165358088e-01
3.000000000000000000e+02 -1.802818624711650386e-01
3.100000000000000000e+02 -1.716824588391661632e-01
3.200000000000000000e+02 -1.923435265980194542e-01
3.300000000000000000e+02 -1.921732373255655990e-01
3.400000000000000000e+02 -1.681212128258045002e-01
3.500000000000000000e+02 -1.229968217938945257e-01
3.600000000000000000e+02 -1.431244148666079297e-01
3.700000000000000000e+02 -1.285500691455272737e-01
3.800000000000000000e+02 -1.524480961297157156e-01
3.900000000000000000e+02 -1.631936468166288734e-01
4.000000000000000000e+02 -1.712502810455415192e-01
4.100000000000000000e+02 -1.532570958768322278e-01
4.200000000000000000e+02 -1.168050036703110611e-01
4.300000000000000000e+02 -1.443099279416460157e-01
4.400000000000000000e+02 -1.598299592754479914e-01
4.500000000000000000e+02 -1.036980652636328853e-01
4.600000000000000000e+02 -7.109294405584526411e-02
4.700000000000000000e+02 -8.612964645036337574e-02
4.800000000000000000e+02 -6.021275504204707391e-02
4.900000000000000000e+02 -7.578293430067366276e-02
5.000000000000000000e+02 -6.759724209359584124e-02
5.100000000000000000e+02 -2.984543231342203645e-02
5.200000000000000000e+02 -2.522596198066822185e-02
5.300000000000000000e+02 -3.062323007805535166e-02
5.400000000000000000e+02 -4.100967979807047803e-02
5.500000000000000000e+02 -4.906973348713224159e-02
5.600000000000000000e+02 -7.916201066344823178e-03
5.700000000000000000e+02 -3.996433858603654771e-02
5.800000000000000000e+02 -1.341957126338283110e-02
5.900000000000000000e+02 3.196198293712662186e-03
6.000000000000000000e+02 2.256197597198073349e-02
6.100000000000000000e+02 5.392367564358002512e-03
6.200000000000000000e+02 4.909834310980778355e-02
6.300000000000000000e+02 4.682980484046715686e-02
6.400000000000000000e+02 3.015409221842511173e-02
6.500000000000000000e+02 6.282016874032550491e-02
6.600000000000000000e+02 1.849871543232137205e-02
6.700000000000000000e+02 1.757392909639291650e-02
6.800000000000000000e+02 -5.699923408784882649e-03
6.900000000000000000e+02 -1.783369365546598820e-02
7.000000000000000000e+02 -5.431984268428267232e-02
7.100000000000000000e+02 -6.667138669272139329e-02
7.200000000000000000e+02 -5.966895674422677265e-02
7.300000000000000000e+02 -4.801465051259058703e-02
7.400000000000000000e+02 -2.670519116636775256e-02
7.500000000000000000e+02 -5.631803550462147201e-02
7.600000000000000000e+02 -4.463998602016330114e-02
7.700000000000000000e+02 -7.646150216823738299e-02
7.800000000000000000e+02 -2.449189212610969335e-02
7.900000000000000000e+02 -3.154937745880639910e-02
8.000000000000000000e+02 1.095986226556766932e-02
8.100000000000000000e+02 -2.638769481153372190e-02
8.200000000000000000e+02 5.789660423715173483e-03
8.300000000000000000e+02 2.497624408656694966e-02
8.400000000000000000e+02 -1.142323106475264319e-02
8.500000000000000000e+02 7.456392821045846817e-03
8.600000000000000000e+02 -8.105709737892019193e-03
8.700000000000000000e+02 5.718930341674066664e-02
8.800000000000000000e+02 1.698282607882656975e-02
8.900000000000000000e+02 2.454844879856806286e-02
9.000000000000000000e+02 -3.749042574971463843e-02
9.100000000000000000e+02 3.769180694725531022e-02
9.200000000000000000e+02 5.921793481520320340e-02
9.300000000000000000e+02 3.283857828378645288e-02
9.400000000000000000e+02 4.502230109452924622e-02
9.500000000000000000e+02 4.020357168717876052e-03
9.600000000000000000e+02 4.696884851484395967e-02
9.700000000000000000e+02 5.406137027734973788e-02
9.800000000000000000e+02 3.352982410327018381e-02
9.900000000000000000e+02 9.331853274863773084e-02
1.000000000000000000e+03 5.630677696697034690e-02
